

#include <eigen3/Eigen/Eigen>
#include <iostream>
#include <string>
#include <cmath>

using namespace std; 
using namespace Eigen; 

int main()
{
    Matrix4d A;
    
    A << -0.011450159873389598, -0.9998746482793399, -0.010935335712288774, -0.05828448770624624, 
	 0.009171247533644289, 0.010830579777447058, -0.9998992883087583, -0.0002362068202437068, 
	 0.999892385238307, -0.01154929737910465, 0.009046086032012068, -0.00947464531803495, 
	 0.0, 0.0, 0.0, 1.0; 

    // A << -0.03179778293757218, -0.9994933985910031, -0.001359107523862424, 0.021115239798621798, 
   //	 0.012827844120885779, 0.0009515801497960164, -0.9999172670328424, -0.0008992998316121829,
    //	 0.9994120008362244, -0.03181258663210035, 0.012791087377928778, -0.009491094814035777,
   //	 0.0, 0.0, 0.0, 1.0; 


    // A << -0.01749277298389329, -0.9997914625864506, -0.010537278233961556, -0.05569997768397372,
    //	 -0.7090991957246053, 0.019835234209851005, -0.7048296915614142, 0.00884826894411553,
    //	 0.7048917175822481, -0.004857450265962848, -0.7092982952614942, -0.0019997713120269607,
    // 	 0.0, 0.0, 0.0, 1.0; 

    // A << -0.027256691772188965, -0.9996260641688061, 0.0021919370477445077, 0.02422852666805565, 
	//  -0.7139206120417471, 0.017931469899155242, -0.6999970157716363, 0.008974432843748055, 
	//  0.6996959571525168, -0.020644471939022302, -0.714142404092339, -0.000638971731537894,
	//  0.0, 0.0, 0.0, 1.0; 
    cout << std::fixed << endl<< A.inverse()<<endl; 
    return 0; 
}





